100 51
252 287
253 269
255 275
255 267
258 274
259 279
259 272
269 287
261 316
271 319
263 283
272 314
263 273
273 289
273 312
273 330
273 308
277 315
273 334
277 320
274 287
278 296
274 316
278 298
278 294
278 331
235 266
279 291
243 282
284 302
279 325
245 269
284 302
279 306
247 286
285 338
280 309
247 289
285 316
249 276
286 320
249 284
286 302
251 267
286 328
251 299
290 333
286 302
252 280
290 347
287 329
290 315
287 302
290 313
290 330
291 316
291 317
291 316
291 339
291 309
264 294
265 296
265 289
266 282
266 300
267 309
268 284
275 295
269 304
275 316
269 296
275 308
269 297
275 306
276 301
276 302
276 311
280 310
276 292
281 306
276 317
281 329
276 294
281 297
282 314
282 307
282 310
287 300
282 317
287 300
282 297
288 304
283 293
288 302
288 327
288 309
289 300
289 313
289 324
289 317
12 100 97
12 50 82
12 71 90
8 48 9
15 48 2
8 76 19
15 76 12
8 83 31
27 76 2
15 83 24
8 83 31
8 55 21
15 83 24
24 83 6
13 49 24
3 38 -45
16 75 -15
17 45 2
6 95 -22
13 49 1
3 38 -15
8 48 9
15 48 2
8 76 19
15 76 12
27 76 2
8 83 31
15 83 24
8 55 21
24 83 6
34 100 82
8 55 21
24 83 6
7 91 15
16 75 7
6 95 14
8 48 9
15 48 2
1 52 99999954
8 76 19
16 75 35
15 76 12
6 95 -51
27 76 2
2 73 28
14 53 67
14 84 48
1 84 61
1 52 8
39 96 2
17 96 17
